# column 1: data set# column 2: uv distace - minimum
# column 3: uv distace - 20
# column 4: uv distace - 30
# column 5: uv distace - 50
# column 6: uv distace - 75
# column 7: uv distace - maximum
ic5332_7m_co21.ms 36 8.85364224284 15.2112558509 17.736292396 22.1451744052 29.7872460223 41.6533433169 48.9489132229
ic5332_12m_co21.ms 903 15.101171411 105.990872052 141.507610819 207.636273388 306.781215591 411.3718912 704.086530114
ngc0628_7m_co21.ms 54 8.85339399712 15.2441613438 20.0333672613 25.2798080103 31.0810970053 42.2823710431 48.9493590806
ngc0628_12m_co21.ms 1319 15.0499631817 67.1282119459 85.0155960929 130.765901139 209.35108956 301.88865467 645.575017521
ngc1087_7m_co21.ms 45 8.8538221711 15.2547607623 19.504684074 22.6023911877 31.3301982976 44.4481935917 48.9495304979
ngc1300_7m_co21.ms 45 8.8538221711 15.0103571191 17.7047338706 21.6883125524 28.7437379123 38.6568683158 44.9626713811
ngc1385_7m_co21.ms 45 8.8538221711 15.0103571191 17.7047338706 21.6883125524 28.7437379123 38.6568683158 44.9626713811
ngc1433_7m_co21.ms 45 8.8538221711 15.0103571191 17.7047338706 21.6883125524 28.7437379123 38.6568683158 44.9626713811
ngc1512_7m_co21.ms 45 8.8538221711 15.0103571191 17.7047338706 21.6883125524 28.7437379123 38.6568683158 44.9626713811
ngc1566_7m_co21.ms 45 8.8538221711 15.0103479347 17.7047338706 21.6883125524 28.743753311 38.6568683158 44.9626713811
ngc1672_7m_co21.ms 45 8.85387233099 15.0102446239 17.7046693475 21.6883241928 28.7437308139 38.6568138463 44.9626261627
ngc1672_12m_co21.ms 1128 15.101171411 54.859097352 69.4628963822 98.4771434899 143.402752541 186.81409346 330.998189151
ngc2835_7m_co21.ms 53 8.85364224284 15.2329467372 17.9022559042 22.6023413811 30.7359674746 43.8704566431 48.9489132229
ngc2835_12m_co21.ms 924 15.101171411 91.7886381534 115.193381393 163.221186814 239.885015908 321.932992727 639.958082968
ngc3351_7m_co21.ms 45 8.8538221711 15.0103571191 17.7047338706 21.6883125524 28.7437379123 38.6568683158 44.9626713811
ngc3351_12m_co21.ms 1035 15.1216744472 57.4819868419 71.6268036326 104.382626751 151.353165795 196.081675095 330.998189151
ngc3627north_7m_co21.ms 28 8.85364224284 14.6123407902 17.2534274654 21.2857500403 28.6688578636 37.407761525 44.9624688284
ngc3627north_12m_co21.ms 990 15.101171411 56.1295012888 71.1799148983 104.525261108 151.980808569 196.31809568 330.998189151
ngc3627south_7m_co21.ms 28 8.85364224284 14.6123407902 17.2534274654 21.2857500403 28.6688578636 37.407761525 44.9624688284
ngc3627south_12m_co21.ms 946 15.135059361 79.4248880567 97.9205315186 138.15118053 199.090300059 259.707266039 452.818444918
ngc4254north_7m_co21.ms 45 8.8538221711 15.0103571191 17.7047249502 21.6883125524 28.7437379123 38.65685768 44.9626713811
ngc4254north_12m_co21.ms 946 15.135059361 59.3830445436 72.8667387083 104.108261005 148.138893798 191.981220718 330.998189151
ngc4254south_7m_co21.ms 43 8.8538221711 15.9389759384 17.9022250958 22.5759217125 29.1728411433 39.3692160277 44.9626713811
ngc4254south_12m_co21.ms 1128 15.101171411 54.859097352 69.4628963822 98.4771434899 143.402752541 186.81409346 330.998189151
ngc4303_7m_co21.ms 43 8.85364224284 17.0515748145 19.3928814206 25.1874047547 34.3034496318 44.5865645981 48.9489132229
ngc4303_12m_co21.ms 946 15.135059361 59.3830445436 72.8667387083 104.108261005 148.138893798 191.981220718 330.998189151
ngc4321north_7m_co21.ms 54 8.8538221711 14.8093730161 17.7780774629 22.5891564501 30.6379435725 43.7902292023 48.9495304979
ngc4321north_12m_co21.ms 946 15.135059361 59.3830445436 72.8667387083 104.108261005 148.138893798 191.981220718 330.998189151
ngc4321south_7m_co21.ms 44 8.85387233099 15.2438935458 17.7780425145 22.1321066994 28.9582807617 39.0129893106 44.9626261627
ngc4321south_12m_co21.ms 946 15.135059361 79.4248880567 97.9205315186 138.15118053 199.090300059 259.707266039 452.818444918
ngc4535_7m_co21.ms 53 8.85364224284 14.6082657236 17.9022559042 22.6023413811 30.7359674746 43.8705356931 48.9489132229
ngc4535_12m_co21.ms 946 15.135059361 59.3830445436 72.8667387083 104.108261005 148.138893798 191.981220718 330.998189151
ngc5068north_7m_co21.ms 52 8.85364224284 15.6021644526 18.3852621129 23.5760113193 30.8845114047 43.9511744537 48.9489132229
ngc5068north_12m_co21.ms 903 15.135059361 76.7686147245 95.7043056021 137.011407656 199.087523008 259.722686177 452.818444918
ngc5068south_7m_co21.ms 54 8.85364224284 15.2437493082 17.959019598 22.7805176712 30.6377076829 43.7898127859 48.9489132229
ngc5068south_12m_co21.ms 903 15.135059361 76.7686147245 95.7043056021 137.011407656 199.087523008 259.722686177 452.818444918
ngc6744north_7m_co21.ms 36 8.85386324626 15.2655218884 20.8580398504 24.7823050261 36.9917467034 44.7267409614 48.9491700353
ngc6744north_12m_co21.ms 903 15.135059361 76.7686147245 95.7043056021 137.011407656 199.087523008 259.722686177 452.818444918
ngc6744south_7m_co21.ms 54 8.85386324626 14.8093788191 17.7780871373 22.5891286778 30.6378901581 43.7901144878 48.9491700353
ngc6744south_12m_co21.ms 946 15.135059361 79.4248880567 97.9205315186 138.15118053 199.090300059 259.707266039 452.818444918
